0000|122014|SYSCONTROL AUTOMACAO INDUSTRIAL LTDA|67259929000100|244488446118|3509502|01|02
0150|000000|SYSCONTROL AUTOMACAO INDUSTRIAL LTDA|1058|67259929000100||244488446118|3509502
0200|13006|CARREGADOR BATERIAS 99EX 4 POSICOES||PC|85044010|4,00|
0200|13065|CABO COMUNICACAO PC MX7 TECTON||PC|85444200|4,00|
0200|5637|EMPUNHADURA GATILHO MX7||PC|84733099|4,00|
1050|13006|0,000|0,00|2,000|151,41
1050|13065|3,000|64,01|0,000|0,00
1050|5637|0,000|0,00|0,000|0,00
1100|31141200954716000209550010000784621270417507|08122014|001|0|13006|6403|3,000|||0
1100|31141200954716000209550010000784621270417507|08122014|001|0|5637|6403|12,000|||0
1100|35141267259929000100550010000135911700628041|10122014|001|1|13065|6404|3,000||119,43|4
1100|35141267259929000100550010000136521000010000|17122014|003|1|13006|6404|1,000||162,77|4
1100|35141267259929000100550010000136521000010000|17122014|002|1|5637|6404|12,000||520,88|4
